ID,BPS_code,BPS_ID,SizeClass_max,SizeClass_min,Cover_max,Cover_min,SClass
1,20,Na0210290,2.000000000000000,1.000000000000000,100.000000000000000,0.000000000000000,A
2,20,Na0210290,5.000000000000000,3.000000000000000,100.000000000000000,31.000000000000000,B
3,20,Na0210290,5.000000000000000,3.000000000000000,30.899999999999999,0.000000000000000,C
4,20,Na0210290,7.000000000000000,6.000000000000000,30.899999999999999,0.000000000000000,D
5,20,Na0210290,7.000000000000000,6.000000000000000,100.000000000000000,31.000000000000000,E
6,15,Na0210350,2.000000000000000,1.000000000000000,100.000000000000000,0.000000000000000,A
7,15,Na0210350,4.000000000000000,3.000000000000000,100.000000000000000,41.000000000000000,B
8,15,Na0210350,4.000000000000000,3.000000000000000,40.899999999999999,0.000000000000000,C
9,15,Na0210350,7.000000000000000,5.000000000000000,40.899999999999999,0.000000000000000,D
10,15,Na0210350,7.000000000000000,5.000000000000000,100.000000000000000,41.000000000000000,E
11,19,Na0710270,2.000000000000000,1.000000000000000,100.000000000000000,0.000000000000000,A
12,19,Na0710270,6.000000000000000,3.000000000000000,100.000000000000000,41.000000000000000,B
13,19,Na0710270,6.000000000000000,3.000000000000000,40.899999999999999,0.000000000000000,C
14,19,Na0710270,7.000000000000000,7.000000000000000,40.899999999999999,0.000000000000000,D
15,19,Na0710270,7.000000000000000,7.000000000000000,100.000000000000000,41.000000000000000,E
16,4,Na0710411,2.000000000000000,1.000000000000000,100.000000000000000,0.000000000000000,A
17,4,Na0710411,5.000000000000000,3.000000000000000,100.000000000000000,71.000000000000000,B
18,4,Na0710411,5.000000000000000,3.000000000000000,70.900000000000006,0.000000000000000,C
19,4,Na0710411,7.000000000000000,6.000000000000000,70.900000000000006,0.000000000000000,D
20,4,Na0710411,7.000000000000000,6.000000000000000,100.000000000000000,71.000000000000000,E
21,3,Na0710412,2.000000000000000,1.000000000000000,100.000000000000000,0.000000000000000,A
22,3,Na0710412,4.000000000000000,3.000000000000000,100.000000000000000,41.000000000000000,B
23,3,Na0710412,4.000000000000000,3.000000000000000,40.899999999999999,0.000000000000000,C
24,3,Na0710412,7.000000000000000,5.000000000000000,60.899999999999999,0.000000000000000,D
25,3,Na0710412,7.000000000000000,5.000000000000000,100.000000000000000,61.000000000000000,E
26,18,Na1010471,2.000000000000000,1.000000000000000,100.000000000000000,0.000000000000000,A
27,18,Na1010471,5.000000000000000,3.000000000000000,100.000000000000000,61.000000000000000,B
28,18,Na1010471,5.000000000000000,3.000000000000000,60.899999999999999,0.000000000000000,C
29,18,Na1010471,7.000000000000000,6.000000000000000,60.899999999999999,0.000000000000000,D
30,18,Na1010471,7.000000000000000,6.000000000000000,100.000000000000000,61.000000000000000,E
31,10,RaABAMlw,2.000000000000000,1.000000000000000,100.000000000000000,0.000000000000000,A
32,10,RaABAMlw,5.000000000000000,3.000000000000000,100.000000000000000,61.000000000000000,B
33,10,RaABAMlw,5.000000000000000,3.000000000000000,60.899999999999999,0.000000000000000,C
34,10,RaABAMlw,7.000000000000000,6.000000000000000,60.899999999999999,0.000000000000000,D
35,10,RaABAMlw,7.000000000000000,6.000000000000000,100.000000000000000,61.000000000000000,E
36,9,RaABAMup,2.000000000000000,1.000000000000000,100.000000000000000,0.000000000000000,A
37,9,RaABAMup,5.000000000000000,3.000000000000000,100.000000000000000,61.000000000000000,B
38,9,RaABAMup,5.000000000000000,3.000000000000000,60.899999999999999,0.000000000000000,C
39,9,RaABAMup,7.000000000000000,6.000000000000000,60.899999999999999,0.000000000000000,D
40,9,RaABAMup,7.000000000000000,6.000000000000000,100.000000000000000,61.000000000000000,E
41,5,RaABLA,2.000000000000000,1.000000000000000,100.000000000000000,0.000000000000000,A
42,5,RaABLA,5.000000000000000,3.000000000000000,100.000000000000000,31.000000000000000,B
43,5,RaABLA,5.000000000000000,3.000000000000000,30.899999999999999,0.000000000000000,C
44,5,RaABLA,7.000000000000000,6.000000000000000,30.899999999999999,0.000000000000000,D
45,5,RaABLA,7.000000000000000,6.000000000000000,100.000000000000000,31.000000000000000,E
46,14,RaDFHEdy,2.000000000000000,1.000000000000000,100.000000000000000,0.000000000000000,A
47,14,RaDFHEdy,5.000000000000000,3.000000000000000,100.000000000000000,61.000000000000000,B
48,14,RaDFHEdy,5.000000000000000,3.000000000000000,60.899999999999999,0.000000000000000,C
49,14,RaDFHEdy,7.000000000000000,6.000000000000000,60.899999999999999,0.000000000000000,D
50,14,RaDFHEdy,7.000000000000000,6.000000000000000,100.000000000000000,61.000000000000000,E
51,16,RaDFHEwt,2.000000000000000,1.000000000000000,100.000000000000000,0.000000000000000,A
52,16,RaDFHEwt,5.000000000000000,3.000000000000000,100.000000000000000,61.000000000000000,B
53,16,RaDFHEwt,5.000000000000000,3.000000000000000,60.899999999999999,0.000000000000000,C
54,16,RaDFHEwt,7.000000000000000,6.000000000000000,60.899999999999999,0.000000000000000,D
55,16,RaDFHEwt,7.000000000000000,6.000000000000000,100.000000000000000,61.000000000000000,E
56,17,RaDFWV,2.000000000000000,1.000000000000000,100.000000000000000,0.000000000000000,A
57,17,RaDFWV,4.000000000000000,3.000000000000000,100.000000000000000,41.000000000000000,B
58,17,RaDFWV,4.000000000000000,3.000000000000000,40.899999999999999,0.000000000000000,C
59,17,RaDFWV,7.000000000000000,5.000000000000000,40.899999999999999,0.000000000000000,D
60,17,RaDFWV,7.000000000000000,5.000000000000000,100.000000000000000,41.000000000000000,E
61,13,RaMCONdy,2.000000000000000,1.000000000000000,100.000000000000000,0.000000000000000,A
62,13,RaMCONdy,5.000000000000000,3.000000000000000,100.000000000000000,41.000000000000000,B
63,13,RaMCONdy,5.000000000000000,3.000000000000000,40.899999999999999,0.000000000000000,C
64,13,RaMCONdy,7.000000000000000,6.000000000000000,40.899999999999999,0.000000000000000,D
65,13,RaMCONdy,7.000000000000000,6.000000000000000,100.000000000000000,41.000000000000000,E
66,12,RaMCONms,2.000000000000000,1.000000000000000,100.000000000000000,0.000000000000000,A
67,12,RaMCONms,5.000000000000000,3.000000000000000,100.000000000000000,56.000000000000000,B
68,12,RaMCONms,5.000000000000000,3.000000000000000,55.899999999999999,0.000000000000000,C
69,12,RaMCONms,7.000000000000000,6.000000000000000,55.899999999999999,0.000000000000000,D
70,12,RaMCONms,7.000000000000000,6.000000000000000,100.000000000000000,56.000000000000000,E
71,11,RaMCONsw,2.000000000000000,1.000000000000000,100.000000000000000,0.000000000000000,A
72,11,RaMCONsw,5.000000000000000,3.000000000000000,100.000000000000000,41.000000000000000,B
73,11,RaMCONsw,5.000000000000000,3.000000000000000,40.899999999999999,0.000000000000000,C
74,11,RaMCONsw,7.000000000000000,6.000000000000000,40.899999999999999,0.000000000000000,D
75,11,RaMCONsw,7.000000000000000,6.000000000000000,100.000000000000000,41.000000000000000,E
76,22,RaMEVG,2.000000000000000,1.000000000000000,100.000000000000000,0.000000000000000,A
77,22,RaMEVG,4.000000000000000,3.000000000000000,100.000000000000000,41.000000000000000,B
78,22,RaMEVG,4.000000000000000,3.000000000000000,40.899999999999999,0.000000000000000,C
79,22,RaMEVG,7.000000000000000,5.000000000000000,40.899999999999999,0.000000000000000,D
80,22,RaMEVG,7.000000000000000,5.000000000000000,100.000000000000000,41.000000000000000,E
81,26,RaOAPI,2.000000000000000,1.000000000000000,100.000000000000000,0.000000000000000,A
82,26,RaOAPI,3.000000000000000,3.000000000000000,100.000000000000000,31.000000000000000,B
83,26,RaOAPI,3.000000000000000,3.000000000000000,30.899999999999999,0.000000000000000,C
84,26,RaOAPI,7.000000000000000,4.000000000000000,30.899999999999999,0.000000000000000,D
85,26,RaOAPI,7.000000000000000,4.000000000000000,100.000000000000000,31.000000000000000,E
86,23,RaPICOpu,2.000000000000000,1.000000000000000,100.000000000000000,0.000000000000000,A
87,23,RaPICOpu,5.000000000000000,3.000000000000000,100.000000000000000,41.000000000000000,B
88,23,RaPICOpu,5.000000000000000,3.000000000000000,40.899999999999999,0.000000000000000,C
89,23,RaPICOpu,7.000000000000000,6.000000000000000,40.899999999999999,0.000000000000000,D
90,23,RaPICOpu,7.000000000000000,6.000000000000000,100.000000000000000,41.000000000000000,E
91,24,RaPIPOm,2.000000000000000,1.000000000000000,100.000000000000000,0.000000000000000,A
92,24,RaPIPOm,4.000000000000000,3.000000000000000,100.000000000000000,31.000000000000000,B
93,24,RaPIPOm,4.000000000000000,3.000000000000000,30.899999999999999,0.000000000000000,C
94,24,RaPIPOm,7.000000000000000,5.000000000000000,30.899999999999999,0.000000000000000,D
95,24,RaPIPOm,7.000000000000000,5.000000000000000,100.000000000000000,31.000000000000000,E
96,25,RaPIPOxe,2.000000000000000,1.000000000000000,100.000000000000000,0.000000000000000,A
97,25,RaPIPOxe,5.000000000000000,3.000000000000000,100.000000000000000,26.000000000000000,B
98,25,RaPIPOxe,5.000000000000000,3.000000000000000,25.899999999999999,0.000000000000000,C
99,25,RaPIPOxe,7.000000000000000,6.000000000000000,25.899999999999999,0.000000000000000,D
100,25,RaPIPOxe,7.000000000000000,6.000000000000000,100.000000000000000,26.000000000000000,E
101,8,RaREFI,2.000000000000000,1.000000000000000,100.000000000000000,0.000000000000000,A
102,8,RaREFI,5.000000000000000,3.000000000000000,100.000000000000000,41.000000000000000,B
103,8,RaREFI,5.000000000000000,3.000000000000000,40.899999999999999,0.000000000000000,C
104,8,RaREFI,7.000000000000000,6.000000000000000,40.899999999999999,0.000000000000000,D
105,8,RaREFI,7.000000000000000,6.000000000000000,100.000000000000000,41.000000000000000,E
106,2,RaSAWD,3.000000000000000,1.000000000000000,100.000000000000000,0.000000000000000,A
107,2,RaSAWD,7.000000000000000,4.000000000000000,100.000000000000000,41.000000000000000,B
108,2,RaSAWD,7.000000000000000,4.000000000000000,40.899999999999999,0.000000000000000,C
111,6,RaSPFI,2.000000000000000,1.000000000000000,10.900000000000000,0.000000000000000,A
112,6,RaSPFI,2.000000000000000,1.000000000000000,100.000000000000000,11.000000000000000,B
113,6,RaSPFI,4.000000000000000,3.000000000000000,100.000000000000000,41.000000000000000,C
114,6,RaSPFI,4.000000000000000,3.000000000000000,40.899999999999999,0.000000000000000,D
115,6,RaSPFI,7.000000000000000,5.000000000000000,100.000000000000000,0.000000000000000,E
116,27,RaSSHE,2.000000000000000,1.000000000000000,100.000000000000000,0.000000000000000,A
117,27,RaSSHE,5.000000000000000,3.000000000000000,100.000000000000000,41.000000000000000,B
119,27,RaSSHE,5.000000000000000,3.000000000000000,40.899999999999999,0.000000000000000,D
120,27,RaSSHE,7.000000000000000,6.000000000000000,100.000000000000000,0.000000000000000,E
121,21,RaTAOAco,2.000000000000000,1.000000000000000,100.000000000000000,0.000000000000000,A
122,21,RaTAOAco,4.000000000000000,3.000000000000000,100.000000000000000,61.000000000000000,B
123,21,RaTAOAco,4.000000000000000,3.000000000000000,60.899999999999999,0.000000000000000,C
124,21,RaTAOAco,7.000000000000000,5.000000000000000,60.899999999999999,0.000000000000000,D
125,21,RaTAOAco,7.000000000000000,5.000000000000000,100.000000000000000,61.000000000000000,E
126,7,R1RFWF,2.000000000000000,1.000000000000000,100.000000000000000,0.000000000000000,A
127,7,R1RFWF,5.000000000000000,3.000000000000000,100.000000000000000,41.000000000000000,B
128,7,R1RFWF,5.000000000000000,3.000000000000000,40.899999999999999,0.000000000000000,C
129,7,R1RFWF,7.000000000000000,6.000000000000000,40.899999999999999,0.000000000000000,D
130,7,R1RFWF,7.000000000000000,6.000000000000000,100.000000000000000,41.000000000000000,E
131,28,RaPIJEsp,2.000000000000000,1.000000000000000,100.000000000000000,0.000000000000000,A
132,28,RaPIJEsp,5.000000000000000,3.000000000000000,100.000000000000000,41.000000000000000,B
133,28,RaPIJEsp,5.000000000000000,3.000000000000000,40.899999999999999,0.000000000000000,C
134,28,RaPIJEsp,7.000000000000000,6.000000000000000,40.899999999999999,0.000000000000000,D
135,28,RaPIJEsp,7.000000000000000,6.000000000000000,100.000000000000000,41.000000000000000,E
136,1,NotForest,7.000000000000000,0.000000000000000,100.000000000000000,0.000000000000000,NF